3.5
2.5
3.45
4
3
2
2.5
3
0
2.5
3
0.5
3
4.1
3.5
4
2.5
4
4
4.1
4
3
4
3
4.5
3.5
3.5
3
3.5
4
4
4
3
2.5
2.5
3
0
4.25
3
3
4
0
3.5
1
0
1.5
3.6
3
3
5
3.5
0
4
4.5
3
3.5
4
3
3
3.5
2.5
3.5
3.5
3
4.5
2.5
3.5
3
2.5
4
3.5
3.5
3
2.5
4
3.5
2.5
2.5
5
4.25
2.5
2.95
3
3.45
2.5
0.5
4.5
2
2
3.5
3.5
4
3.5
4
2.5
3
3
3
1
2
2
4.5
4
3
3
4.15
2.5
3.5
4
5
4.8
0
4.6
3
2.7
3.6
3.75
3.65
0
3
4.75
3.6
3.5
2.75
5
4
3
3.5
3.35
3.2
3.6
3.75
4
3.75
3.5
3.5
4.25
0
3.5
2.75
5
3.75
3.45
3
2.25
3.25
4.2
4.25
4.4
2.5
1.75
3.5
3.5
5
3.95
3.5
3.25
4.5
0
3.1
3.5
4.25
2.75
3.5
4.5
3.5
2.9
3
3
3
4
0
3.75
3
2.5
3.5
4
4.5
3.5
2.5
3.75
3.5
3
3.9
3.25
3.75
3.4
4.75
3.5
3.75
3.25
0.5
0.5
3.75
3.25
2.5
4.95
0
3.4
3
3.5
4.25
3
3.9
3.25
3
3.5
3.25
4.45
1.5
3
3.25
3.9
2.9
2
3.75
3
3
1.5
2.4
3
0
3.5
3.5
3.75
4.9
1.25
3
3.75
2
3
3
2.1
3
1.5
4.75
3.6
3
3.25
3
1.5
0
3.9
4.45
0
3
3.6
3.5
3.45
3
3
3.5
4.2
3.25
2
0
4.25
4.25
3
1.5
4.25
3.5
3.75
3.75
3.75
3.5
4.25
3
3.5
3.35
3.25
4.4
5
4.4
0
3.5
3.9
5
0
3
3
4.25
0
3.5
3.1
3
3
3
3.75
0.5
2.5
3
3.75
3.5
3.9
2.75
3
4.4
2
3.5
3.4
4.95
3.75
0
3.75
2.9
4.75
4.9
4.25
3.9
1.95
3.75
4.25
3
2.25
2.5
3
3.25
4
4.75
3
3.4
3.4
0.5
1.9
4.5
3.2
3.25
3.25
3.25
3
3.45
3.7
3.5
2.75
3.1
3.4
3.25
3.35
4.9
3.5
4.65
4.75
4.7
3.5
3.25
1.5
4.2
5
3
3
5
0
3.5
3.75
4.5
3.7
3.25
4.25
2
4
3.75
3.5
3
4.95
4
4
4.9
4.9
3.7
4
3.25
3
2.25
3
4
3.4
2.9
3.25
2.5
3.7
3.25
0.5
2.75
4
1.75
4
3.45
3.4
3
4.25
3
3
3.5
3.25
3.45
4.6
4.25
1.5
2.5
4.75
4.4
0
3.25
0.5
3.4
3.25
3.25
3
3.25
1.5
3.2
0
3
3.4
3.25
3.5
1.5
3
4.9
3.45
4.25
4.5
3
3.5
2.25
4.25
3.4
3.75
4.25
3.25
3.25
3.65
2.75
1.5
3
4.25
3.5
3
2
2.5
0
0
4
3.35
4.25
4.25
3.45
4.25
3
3.45
0
4.2
0
3
4.75
3.25
3.25
3.65
3.5
3
3.25
3
3.4
3.25
4.25
3.4
3
4.75
5
4.5
3
4.2
3.25
4.25
0.5
3.95
3.95
1.75
3.95
4.25
3.25
4.2
2.95
3
3.25
0
4.9
2.9
2
1.75
3.65
2.5
0
3
5
2.25
2.5
3
2.5
4.5
3.45
4.2
3.95
4.4
4.15
3.25
0.5
4.15
3.25
3.4
2.75
4.85
1
4.25
1.25
2.75
3.15
5
0
3.4
2.75
3.2
5
3.5
3
3.15
4.25
2.7
4.75
3.5
0
4
3.25
4.75
0.5
3.5
3.25
2.25
4.2
3.75
3.7
3.25
3.45
4.9
4.75
4.9
0.5
4.25
3.75
3.45
3.95
2.95
4
3.25
0
3.25
0
2.75
4.25
3.85
3.5
3.25
3.55
3.25
3.25
4
3.4
0
3.5
1
3.45
0
3.25
5
3.25
3.4
4.25
3.45
4.25
4
3
0.5
3.75
3.25
3.5
5
3.75
2.5
1
3
3.25
0
3.65
4.4
3.25
4.45
3.4
0
3
1.25
4
4.15
3.5
2.75
4.75
5
3.7
0
4.4
3.2
3.25
4.85
2.5
2
4.25
5
3.4
2.65
3.9
5
4.7
1.75
3
3
3.65
2.25
3.25
3
3.7
2
3.7
3.45
3.25
3
4
3.25
2.75
2.25
1.75
2
0
2
3
1.25
0
3.4
3
1.25
3.65
3.7
2
0
4.75
4.5
3
3
2.9
4
5
3.7
4.25
3.95
3.75
2.5
3
5
3.5
4.15
1.5
3.4
3
2
3.15
4.4
2.25
2.9
2.75
1.75
2
4.4
3
5
3.25
3.5
2.9
2.75
3.65
3.4
3.25
0.5
4.5
4.25
2.75
3.8
3.25
3
3.65
4.9
0
3.25
3.45
4.75
3.4
3.25
3.25
3.25
1
0
3
3
3.25
4.85
3
2.25
2.75
4
1
1.5
3
2.4
3
1.5
3
2.5
5
3.25
4.9
4.35
3
3.25
3.25
4.25
3.25
3.95
1.65
3
3.45
2
3.5
2.75
4.25
2.5
2.75
3
3
2.75
3.9
3.25
3.9
